618
161 172 171 0
151 162 161 0
162 172 161 0
152 162 151 0
141 152 151 0
131 142 141 0
142 152 141 0
121 132 131 0
132 142 131 0
122 132 121 0
111 122 121 0
101 112 111 0
112 122 111 0
91 102 101 0
102 112 101 0
92 102 91 0
81 92 91 0
71 82 81 0
82 92 81 0
61 72 71 0
72 82 71 0
62 72 61 0
51 62 61 0
52 62 51 0
41 52 51 0
31 42 41 0
42 52 41 0
32 42 31 0
21 32 31 0
11 22 21 0
22 32 21 0
1 12 11 0
12 22 11 0
2 12 1 0
162 173 172 0
152 163 162 0
163 173 162 0
153 163 152 0
142 153 152 0
132 143 142 0
143 153 142 0
122 133 132 0
133 143 132 0
123 133 122 0
112 123 122 0
102 113 112 0
113 123 112 0
92 103 102 0
103 113 102 0
93 103 92 0
82 93 92 0
72 83 82 0
83 93 82 0
62 73 72 0
73 83 72 0
63 73 62 0
52 63 62 0
42 53 52 0
53 63 52 0
32 43 42 0
43 53 42 0
33 43 32 0
22 33 32 0
12 23 22 0
23 33 22 0
2 13 12 0
13 23 12 0
3 13 2 0
163 174 173 0
153 164 163 0
164 174 163 0
154 164 153 0
143 154 153 0
133 144 143 0
144 154 143 0
134 144 133 0
123 134 133 0
124 134 123 0
113 124 123 0
103 114 113 0
114 124 113 0
93 104 103 0
104 114 103 0
94 104 93 0
83 94 93 0
73 84 83 0
84 94 83 0
74 84 73 0
63 74 73 0
64 74 63 0
53 64 63 0
54 64 53 0
43 54 53 0
33 44 43 0
44 54 43 0
34 44 33 0
23 34 33 0
13 24 23 0
24 34 23 0
14 24 13 0
3 14 13 0
4 14 3 0
164 175 174 0
154 165 164 0
165 175 164 0
155 165 154 0
144 155 154 0
134 145 144 0
145 155 144 0
124 135 134 0
135 145 134 0
125 135 124 0
114 125 124 0
104 115 114 0
115 125 114 0
94 105 104 0
105 115 104 0
95 105 94 0
84 95 94 0
74 85 84 0
85 95 84 0
64 75 74 0
75 85 74 0
65 75 64 0
54 65 64 0
44 55 54 0
55 65 54 0
34 45 44 0
45 55 44 0
35 45 34 0
24 35 34 0
14 25 24 0
25 35 24 0
15 25 14 0
4 15 14 0
5 15 4 0
165 176 175 0
155 166 165 0
166 176 165 0
156 166 155 0
145 156 155 0
135 146 145 0
146 156 145 0
125 136 135 0
136 146 135 0
126 136 125 0
115 126 125 0
105 116 115 0
116 126 115 0
95 106 105 0
106 116 105 0
96 106 95 0
85 96 95 0
75 86 85 0
86 96 85 0
65 76 75 0
76 86 75 0
66 76 65 0
55 66 65 0
56 66 55 0
45 56 55 0
35 46 45 0
46 56 45 0
25 36 35 0
36 46 35 0
15 26 25 0
26 36 25 0
5 16 15 0
16 26 15 0
6 16 5 0
166 177 176 0
156 167 166 0
167 177 166 0
157 167 156 0
146 157 156 0
136 147 146 0
147 157 146 0
137 147 136 0
126 137 136 0
127 137 126 0
116 127 126 0
106 117 116 0
117 127 116 0
96 107 106 0
107 117 106 0
97 107 96 0
86 97 96 0
76 87 86 0
87 97 86 0
66 77 76 0
77 87 76 0
67 77 66 0
56 67 66 0
46 57 56 0
57 67 56 0
36 47 46 0
47 57 46 0
37 47 36 0
26 37 36 0
27 37 26 0
16 27 26 0
6 17 16 0
17 27 16 0
7 17 6 0
167 178 177 0
157 168 167 0
168 178 167 0
158 168 157 0
147 158 157 0
137 148 147 0
148 158 147 0
138 148 137 0
127 138 137 0
128 138 127 0
117 128 127 0
107 118 117 0
118 128 117 0
97 108 107 0
108 118 107 0
98 108 97 0
87 98 97 0
77 88 87 0
88 98 87 0
78 88 77 0
67 78 77 0
68 78 67 0
57 68 67 0
58 68 57 0
47 58 57 0
37 48 47 0
48 58 47 0
38 48 37 0
27 38 37 0
17 28 27 0
28 38 27 0
7 18 17 0
18 28 17 0
8 18 7 0
168 179 178 0
158 169 168 0
169 179 168 0
159 169 158 0
148 159 158 0
138 149 148 0
149 159 148 0
128 139 138 0
139 149 138 0
129 139 128 0
118 129 128 0
108 119 118 0
119 129 118 0
98 109 108 0
109 119 108 0
88 99 98 0
99 109 98 0
78 89 88 0
89 99 88 0
68 79 78 0
79 89 78 0
58 69 68 0
69 79 68 0
48 59 58 0
59 69 58 0
38 49 48 0
49 59 48 0
28 39 38 0
39 49 38 0
18 29 28 0
29 39 28 0
8 19 18 0
19 29 18 0
9 19 8 0
169 180 179 0
159 170 169 0
170 180 169 0
160 170 159 0
149 160 159 0
139 150 149 0
150 160 149 0
140 150 139 0
129 140 139 0
130 140 129 0
119 130 129 0
109 120 119 0
120 130 119 0
99 110 109 0
110 120 109 0
100 110 99 0
89 100 99 0
79 90 89 0
90 100 89 0
69 80 79 0
80 90 79 0
70 80 69 0
59 70 69 0
60 70 59 0
49 60 59 0
39 50 49 0
50 60 49 0
40 50 39 0
29 40 39 0
19 30 29 0
30 40 29 0
9 20 19 0
20 30 19 0
10 20 9 0
341 352 351 3
331 342 341 3
342 352 341 3
332 342 331 3
321 332 331 3
311 322 321 3
322 332 321 3
301 312 311 3
312 322 311 3
302 312 301 3
291 302 301 3
281 292 291 3
292 302 291 3
271 282 281 3
282 292 281 3
272 282 271 3
261 272 271 2
251 262 261 3
262 272 261 2
241 252 251 3
252 262 251 3
242 252 241 3
231 242 241 3
232 242 231 3
221 232 231 3
211 222 221 3
222 232 221 3
212 222 211 3
201 212 211 3
191 202 201 3
202 212 201 3
181 192 191 3
192 202 191 3
182 192 181 3
342 353 352 3
332 343 342 3
343 353 342 3
333 343 332 3
322 333 332 3
312 323 322 3
323 333 322 3
302 313 312 3
313 323 312 3
303 313 302 3
292 303 302 3
282 293 292 3
293 303 292 3
272 283 282 3
283 293 282 3
273 283 272 3
262 273 272 2
252 263 262 3
263 273 262 2
242 253 252 3
253 263 252 3
243 253 242 3
232 243 242 3
222 233 232 3
233 243 232 3
212 223 222 3
223 233 222 3
213 223 212 3
202 213 212 3
192 203 202 3
203 213 202 3
182 193 192 3
193 203 192 3
183 193 182 3
343 354 353 3
333 344 343 3
344 354 343 3
334 344 333 3
323 334 333 3
313 324 323 3
324 334 323 3
314 324 313 3
303 314 313 3
304 314 303 3
293 304 303 3
283 294 293 3
294 304 293 3
273 284 283 3
284 294 283 3
274 284 273 3
263 274 273 2
253 264 263 3
264 274 263 2
254 264 253 3
243 254 253 3
244 254 243 3
233 244 243 3
234 244 233 3
223 234 233 3
213 224 223 3
224 234 223 3
214 224 213 3
203 214 213 3
193 204 203 3
204 214 203 3
194 204 193 3
183 194 193 3
184 194 183 3
344 355 354 3
334 345 344 3
345 355 344 3
335 345 334 3
324 335 334 3
314 325 324 3
325 335 324 3
304 315 314 3
315 325 314 3
305 315 304 3
294 305 304 3
284 295 294 3
295 305 294 3
274 285 284 3
285 295 284 3
275 285 274 3
264 275 274 2
254 265 264 3
265 275 264 2
244 255 254 3
255 265 254 3
245 255 244 3
234 245 244 3
224 235 234 3
235 245 234 3
214 225 224 3
225 235 224 3
215 225 214 3
204 215 214 3
194 205 204 3
205 215 204 3
195 205 194 3
184 195 194 3
185 195 184 3
345 356 355 3
335 346 345 3
346 356 345 3
336 346 335 3
325 336 335 3
315 326 325 3
326 336 325 3
305 316 315 3
316 326 315 3
306 316 305 3
295 306 305 3
285 296 295 3
296 306 295 3
275 286 285 3
286 296 285 3
276 286 275 3
265 276 275 2
255 266 265 3
266 276 265 2
245 256 255 3
256 266 255 3
246 256 245 3
235 246 245 3
236 246 235 3
225 236 235 3
215 226 225 3
226 236 225 3
205 216 215 3
216 226 215 3
195 206 205 3
206 216 205 3
185 196 195 3
196 206 195 3
186 196 185 3
346 357 356 3
336 347 346 3
347 357 346 3
337 347 336 3
326 337 336 3
316 327 326 3
327 337 326 3
317 327 316 3
306 317 316 3
307 317 306 3
296 307 306 3
286 297 296 3
297 307 296 3
276 287 286 3
287 297 286 3
277 287 276 3
266 277 276 2
256 267 266 3
267 277 266 2
246 257 256 3
257 267 256 3
247 257 246 3
236 247 246 3
226 237 236 3
237 247 236 3
216 227 226 3
227 237 226 3
217 227 216 3
206 217 216 3
207 217 206 3
196 207 206 3
186 197 196 3
197 207 196 3
187 197 186 3
347 358 357 3
337 348 347 3
348 358 347 3
338 348 337 3
327 338 337 3
317 328 327 3
328 338 327 3
318 328 317 3
307 318 317 3
308 318 307 3
297 308 307 3
287 298 297 3
298 308 297 3
277 288 287 3
288 298 287 3
278 288 277 3
267 278 277 2
257 268 267 3
268 278 267 2
258 268 257 3
247 258 257 3
248 258 247 3
237 248 247 3
238 248 237 3
227 238 237 3
217 228 227 3
228 238 227 3
218 228 217 3
207 218 217 3
197 208 207 3
208 218 207 3
187 198 197 3
198 208 197 3
188 198 187 3
348 359 358 3
338 349 348 3
349 359 348 3
339 349 338 3
328 339 338 3
318 329 328 3
329 339 328 3
308 319 318 3
319 329 318 3
309 319 308 3
298 309 308 3
288 299 298 3
299 309 298 3
278 289 288 3
289 299 288 3
268 279 278 2
279 289 278 3
258 269 268 3
269 279 268 2
248 259 258 3
259 269 258 3
238 249 248 3
249 259 248 3
228 239 238 3
239 249 238 3
218 229 228 3
229 239 228 3
208 219 218 3
219 229 218 3
198 209 208 3
209 219 208 3
188 199 198 3
199 209 198 3
189 199 188 3
349 360 359 3
339 350 349 3
350 360 349 3
340 350 339 3
329 340 339 3
319 330 329 3
330 340 329 3
320 330 319 3
309 320 319 3
310 320 309 3
299 310 309 3
289 300 299 3
300 310 299 3
279 290 289 3
290 300 289 3
280 290 279 3
269 280 279 2
259 270 269 3
270 280 269 2
249 260 259 3
260 270 259 3
250 260 249 3
239 250 249 3
240 250 239 3
229 240 239 3
219 230 229 3
230 240 229 3
220 230 219 3
209 220 219 3
199 210 209 3
210 220 209 3
189 200 199 3
200 210 199 3
190 200 189 3
85 96 362 1
361 362 364 1
85 361 362 1
361 363 364 1
363 364 276 1
363 265 276 1
